10 44 61 52 36 16 30 46 15 87 82 59 66 75 4 22 13 42 74 55 34 51 27 8 95 68 92 17 76 5 69 41 28 9 98 65 90 58 2 24 72 29 80 63 100 1 81 23 86 89 91 25 99 47 40 77 45 96 38 53 19 54 88 21 94 70 32 73 57 37 79 20 84 11 3 85 62 97 60 31 14 50 6 26 49 39 7 12 35 78 71 64 43 48 18 33 56 93 67 83












240  107  377  371  287   58  173   83  324  196   74  216  455  463  256  450   64  394   87  428  402  198  252  149  281  336  464   55  420   72  366  497  217  307  135  132  465  496  120  373   50   62  472   34  370  379   49  218  482  211 93  110  201  409   97  473  413  262  258  391  349   11  255   92   69  333  452   28  122   79  266  319  461   40  103  378  500    3  236  346  359  492  488   73   26  316   84  231  423  309  385  419  268  340  381  113   54   23  321  315 325  303  448  208  454  347   44   32  477  364  449   95  397  145  131  205  290  157   67  155  486  124  342  179  123  322  229  440   77  186  374  288  285  259  382  426  487  276  121  244  437  467   24   21  355  300  406   86  405  184 6  169  495    2  329  435  375  109  182  108  327  269  215  295  445  341  238  181  323  493  280  185  298  431   75  230  274  360  114  308  410   99  189   29   61   66  207   30   94  306  438  416  425  313   89  424   17   70  220  475 462  125  318  299   13  277  200  160  177  225  152  356  453  294   20    1  400  459  233  491  369   68  140  348   85  174  250  203  393  363  159  289  311  210  302  468  199  415  345  387  197  412  237  312  144  260   59  362  193  427 116   46  398  388  317  139  499  118  399  331  213  214  119  389  133  183  253  202  460  163  418  390  344   60  129   90   82  170  304  243  490  436  222  395  148  330  158  101  234   42  326   22  111  178   76   52  235  242  401  156 219  314   43  466  168  112  192   57  204  432  247   33  161  147  176  150  483  188  320  422   10  278  267  206  105   31  305   51  442  271   96  165   38  291   41   18   88    5  265  286   48  187  457   53   15  130   63  241   81  249 284  444    8  439   45  264  279  470   36  479  498  447  142  246  175  480  171  365  443  141   91  115   16  190  350  275  191  138  386  328   80  367  335   56   65  417  489  441  404  396  351   78   71  209  232  162  228  352  257   35 478  167  357  481   37  104  292    9  134  239  354  361   19  172  164  251  301  469  106  128  224  102  338  296  414    4  433  485  408  421  126  180  358    7  458  221  376  297  127  227   47  146  136  261  332  353  226  151  429  411 372  293  195   25  194  446  154   98  212  407  310  143  245  248  484  430  343  263   14  339  384  137  337  153  223  272  392  383  456  474  273  434   39  117  451   27  282  368  380  476  283  254  403  166  494   12  270  100  471  334
